0 4674
0 8281
0 6066
0 4013
0 4350
2 4682
0 3503
0 3658
0 4280
0 8787
1 4674
2 7887
1 5092
1 5636
1 9486
0 2297
0 242
1 9503
0 54
1 6616
0 5156
0 1791
1 6913
0 6202
0 2616
2 3444
1 5689
2 4089
0 1390
2 5754
0 7180
0 3165
0 4463
2 4742
1 7479
1 2061
0 9639
1 758
0 7207
0 5931
0 9741
0 5719
1 6791
1 6746
0 7067
0 6692
1 2046
1 3789
0 4346
0 3493
0 8702
0 5975
0 9655
2 6692
0 3270
0 59
2 3681
0 5618
0 4041
1 5931
0 526
2 4564
0 1292
0 8670
0 9133
0 8978
0 7240
2 1390
0 4890
0 8006
0 8884
0 2287
2 9772
0 5926
2 9433
0 97
0 5148
0 751
2 6869
0 410
0 6593
2 1170
0 3873
2 3653
2 6917
2 9065
0 4316
0 2592
0 5184
0 8786
0 2901
1 2415
0 5575
0 932
1 9756
0 9486
0 3471
0 4701
0 9198
0 5795
0 6931
0 3815
2 4292
0 5508
1 3506
0 5086
2 2297
2 1685
0 829
0 6485
1 9864
0 999
1 1236
1 8929
0 3506
0 1233
0 652
0 8424
0 9045
2 4670
1 2331
0 489
0 8835
2 1425
0 3771
0 4273
2 9655
0 5140
2 7374
0 4563
2 6127
0 6654
0 6756
2 7887
0 4565
0 9076
0 5280
0 2698
0 1520
2 4890
2 2592
0 9772
0 10
1 7317
0 1490
2 8891
0 2145
0 1589
1 8831
0 2852
2 652
0 8703
0 1772
1 660
0 8446
1 5560
0 8321
0 1321
0 4682
2 2928
0 9017
1 1105
1 959
0 7940
0 521
0 5001
2 2781
0 5379
0 6372
0 3596
2 5140
2 9198
0 8728
0 4346
0 3751
0 3444
0 2585
2 3471
2 7124
0 1053
0 3612
2 5426
0 2268
0 965
2 4555
0 7745
1 10
1 7120
1 3258
2 7812
1 4452
0 3258
0 2804
1 9018
0 2185
1 9017
1 3263
2 8831
0 1194
0 1754
1 1481
0 1965
0 6276
2 4343
1 9067
0 1877
0 2415
2 4507
0 7044
1 4507
0 129
0 7812
0 9039
0 3842
0 2168
1 7652
0 453
1 4957
0 4343
0 8541
0 2505
0 4326
1 3336
0 1201
2 4066
0 8380
0 5345
0 3511
0 7020
0 9563
0 1989
0 9087
2 2663
0 3681
0 6119
2 3007
2 6593
2 9544
2 2648
1 9460
0 3849
0 7306
0 1605
0 1161
0 1041
0 6483
0 9490
2 3511
0 4893
2 2698
0 9065
0 6382
2 2168
0 1675
1 6066
2 28
0 4862
0 4012
0 9261
2 8280
2 3336
1 8752
0 6127
0 3528
1 7245
0 401
0 4452
1 4416
0 1085
0 1021
0 6225
0 686
0 4247
0 407
0 1529
0 5465
0 2267
0 3653
2 937
0 3789
0 1655
0 3729
1 7351
1 7957
1 686
0 1536
1 4012
0 4083
0 1744
0 3924
0 6233
0 2608
0 3112
0 4650
1 9325
0 5882
0 3920
0 1050
0 3682
0 6597
1 3405
0 8280
1 5239
2 8318
0 8850
0 1983
0 6791
0 635
0 5978
0 9864
0 6940
1 5139
0 9933
0 3812
0 5314
1 2678
0 7398
0 3900
2 388
2 2267
0 3614
0 7063
1 7701
0 8376
0 1147
0 7542
1 7261
0 91
2 3471
0 6670
2 6798
0 1613
1 4463
1 1941
0 1134
0 4334
2 5515
1 8006
0 9544
0 6659
1 1420
2 4093
2 7580
0 7
2 7750
2 3117
0 7434
0 7455
1 1772
2 5948
0 6659
1 1772
2 3484
1 3506
1 1747
0 9756
0 5805
0 4062
1 3347
0 8202
0 5239
2 3599
1 59
2 8180
2 3854
2 591
0 6055
0 7479
1 2974
0 7580
0 8347
0 515
0 5764
1 5503
2 8380
1 4558
0 4305
1 4527
0 6679
0 3586
2 5184
0 5968
0 4292
0 3229
2 2046
1 7136
0 5503
0 7261
0 7245
0 7351
0 9910
0 3457
1 4617
0 2706
0 8487
0 9775
1 1270
2 2609
0 2104
0 654
0 7778
0 4034
1 9775
0 7613
0 1639
0 8948
0 2443
2 8939
1 2684
1 8743
0 6746
0 6538
1 5805
0 9432
2 7063
0 7785
1 6228
0 8289
0 6874
0 9503
0 1164
0 6913
0 8239
0 7239
0 5443
0 961
1 3493
0 7974
0 5515
1 4305
0 9106
1 9293
1 6212
0 4906
1 1730
0 9356
0 1114
0 1895
0 3296
0 4916
0 1825
1 4544
2 4558
1 7542
0 2648
0 7669
2 7145
0 6397
1 3503
0 1425
0 959
0 8566
0 7957
1 9544
0 4845
0 2548
0 3140
0 153
1 6055
0 2171
0 9441
1 1859
0 7360
2 5926
1 9838
0 6253
0 2505
0 2663
1 2237
2 6869
0 2537
0 4352
2 8836
0 822
0 7574
2 8831
2 4804
0 5574
0 9675
2 9513
0 8309
0 4507
1 8566
2 1194
0 3007
0 4534
0 5863
2 9017
2 5508
0 8005
1 1396
0 8271
2 1877
2 7351
1 7712
0 1170
0 4011
2 9106
0 7788
1 5281
0 2144
2 2647
1 3007
0 4931
0 9296
0 3583
0 1797
0 5540
0 9892
0 3609
0 6305
0 7042
1 7439
0 1140
2 1041
0 107
1 6233
1 8857
0 888
2 7178
1 9750
0 8838
1 7008
1 7214
0 1291
0 5169
0 4500
0 189
2 8349
0 9053
0 7753
2 2104
0 7887
0 8318
0 5414
0 1404
0 8786
0 8100
0 1685
0 1313
1 5577
0 7145
2 9572
1 8519
1 1053
2 3259
0 1236
0 4544
0 6913
1 4854
0 9750
2 2648
0 4093
0 1833
2 7180
2 4957
1 5948
0 2061
2 6889
0 7963
0 1833
1 1698
0 7124
0 1892
1 2980
0 6866
0 1270
1 7617
0 9578
0 6869
1 5404
2 6940
1 937
2 8948
0 9642
1 3112
2 4041
0 3120
2 950
2 9675
0 9190
0 435
2 6616
0 6966
2 1833
2 7
1 6225
0 4372
0 4957
2 242
1 751
0 7957
1 7509
1 8446
0 2939
1 28
2 9433
0 8318
0 476
2 6925
1 4507
0 9814
0 6571
1 3913
0 2533
0 7634
0 2341
2 1161
2 8822
0 2201
2 1589
0 9065
0 388
0 3879
0 3045
2 6397
0 159
0 3947
0 5199
1 9664
0 4174
0 3115
0 2725
0 5636
0 9939
0 3998
2 8822
0 3451
2 515
0 2042
0 7429
1 5068
0 6292
2 3812
2 4316
2 9190
0 345
0 6390
0 5144
0 4334
0 6798
0 7141
0 6212
0 9174
1 1403
1 1754
2 8690
0 3484
2 1233
0 3854
0 591
0 1308
0 1585
2 8901
0 6889
1 3045
2 5239
2 9076
2 4041
0 4742
1 6889
2 9544
0 3911
1 1529
1 2505
0 4979
0 4375
0 728
0 5311
0 8809
1 4426
0 4003
2 3528
1 5863
2 5148
0 321
2 7124
0 4472
0 9570
0 9325
0 758
1 7207
0 5108
0 6217
1 7940
2 3484
1 4052
0 6933
0 1105
0 36
0 2647
0 9561
0 4564
2 3229
1 3263
2 8728
0 4115
0 118
2 4120
2 5379
1 6247
2 8836
0 2882
0 4423
0 9008
0 1698
2 8239
2 6210
0 1189
0 4372
0 3599
0 7252
2 7462
1 107
1 9013
0 8857
0 3594
0 9447
0 9293
2 1490
1 4701
0 3144
1 6616
0 8646
2 6202
0 8929
1 7142
2 4372
2 3112
0 6549
1 7812
1 9884
0 5729
2 6869
2 6390
0 9884
2 3920
0 9126
0 2086
0 9196
0 6312
0 712
0 2609
0 8752
2 6869
1 4979
0 6813
0 3186
0 3117
1 4352
0 4051
0 3442
0 1828
0 8836
2 4931
0 7462
1 6966
0 9764
0 8901
0 9334
2 3583
0 2928
0 3982
2 321
0 7954
0 8936
0 3734
1 833
0 4066
0 6736
0 2046
0 7492
1 489
0 8977
0 1531
2 7887
1 1128
1 8347
0 1123
0 772
2 7652
0 3336
2 6055
0 7612
1 8023
2 7374
2 1321
0 4574
0 28
1 36
0 5492
0 9513
1 6119
0 8519
0 5139
0 3753
1 1140
0 4804
1 9273
1 9502
2 2648
0 5039
0 3151
0 6573
1 1890
0 7815
1 3849
2 4574
2 4472
2 5636
0 6050
0 950
0 4617
2 9053
0 5426
0 5051
2 5978
2 4682
1 6127
2 5560
2 1698
2 932
1 6305
0 9978
0 9981
0 7712
2 5184
0 9433
0 3259
0 8480
0 1680
0 1513
2 6913
0 5181
2 6874
1 7196
0 937
0 7178
0 6925
0 3567
1 6913
1 4650
1 6917
0 4558
0 8891
2 8857
1 6382
1 515
1 453
2 2678
1 9087
0 3389
0 7120
2 6372
0 5560
0 8819
0 2580
1 6731
2 401
0 8939
2 6292
0 833
2 9076
0 994
0 2781
1 3034
0 5948
0 7750
0 1747
0 8000
0 6544
0 6940
0 7509
1 1170
0 6616
0 9460
2 5148
0 2926
1 6799
2 2537
0 723
0 6529
0 4120
1 9460
0 8667
2 9325
0 6884
1 7658
0 6228
0 5422
0 4809
2 2086
0 2427
1 6597
1 1390
0 2288
0 7150
0 7518
0 4387
2 4089
0 8180
0 3433
0 9940
1 3924
0 320
0 2089
0 6210
1 8798
2 6692
0 1777
0 9225
0 4340
1 7008
0 5754
0 6268
2 5068
2 9174
0 2547
0 1138
0 4074
2 9065
2 4809
2 4500
0 1546
2 1270
1 7785
0 2504
1 6593
2 6217
1 4350
1 3609
2 5181
0 6917
1 9326
2 2089
0 8831
0 5664
1 6917
0 2418
0 5068
0 1344
0 7374
1 3753
0 4089
0 4670
2 1772
0 2472
0 6625
1 2042
1 2086
0 9572
2 3151
0 5821
0 8690
1 2750
0 1128
0 917
2 3389
0 2678
0 8822
2 4352
1 8836
0 3263
0 8349
1 2537
0 627
0 3645
2 6940
0 3502
0 4555
0 4553
1 3729
0 9084
0 3347
0 9158
1 8271
2 1233
2 1585
2 4305
1 19
0 7528
1 829
2 8929
0 7652
0 6548
0 4921
0 8086
1 3982
0 823
0 7008
1 589
0 5410
0 7619
0 2665
1 3994
0 2622
0 6992
0 1890
1 1833
0 8798
